0.5918608674548061
0.5917803480989726
0.5917778046570213
0.5917772128015252
0.5917769711233171
0.5917768724031242
0.5917767974316569
0.5917767755455764
0.5917767233915122
0.5917767219945284
0.5917766758940609
0.5917767182692381
0.5917766749627383
0.5917766693748029
0.5917767122156413
0.5917767070933672
0.5917766726344319
0.5917766735657545
0.5917766372441741
0.5917766488857062
0.5917766568019481
0.5917766190833839
0.5917766069761904
0.5917766172207387
0.5917765827618034
0.5917765664636584
0.5917765981286259
0.5917765734485777
0.5917766083731743
0.591776586952755
