1.7424453873383372
1.7411267255481921
1.743294069641515
1.7424616625434475
1.741963223407143
1.74185606053001
1.7431651981253373
1.742002719327023
1.7420909592979832
1.7433293242203562
1.7411645211671527
1.7421356439590454
1.741513773014671
1.7415145635604858
1.7421802784267224
1.7430378637815778
1.7401742119538157
1.7416271347748606
1.740941844488445
1.7408534727598493
1.7420901185587834
1.7405081485447131
1.7408025954899036
1.7431533399381136
1.7407915780418797
1.7429125120765285
1.7415334174507542
1.7412002463089793
1.7441038834421259
1.7427123847760653
1.7406221690930819
1.7419936155018054
1.7413057590785779
1.7435158491134644
1.7432907882489657
1.7409874577271311
1.7417994863108586
1.7429603150016384
1.7399142290416516
1.742013931274414
1.7409704107987254
1.7427772158070614
1.7436154767086631
1.7411303269235712
1.7429841945045872
1.7414612142663253
1.740001402403179
1.7420518147317987
1.7426324894553737
1.7425783558895713
1.7422572437085604
1.7409178708728992
1.7418462226265354
1.7403242964493602
1.7423470208519383
1.74453404075221
1.7408904590104755
1.7413895883058246
1.7430803273853503
1.7412955823697542
1.7435763948842098
1.741316230673539
1.7410598491367542
1.7429547686325877
1.7418606971439563
1.741282720314829
1.743038302973697
1.7411495133450157
1.7415170795039128
1.7419587499216984
1.7419763427031667
1.742240403827868
1.7429439645064504
1.7414135932922363
1.7423387891367863
1.7415560609415959
1.741764363489653
1.7416619564357556
1.7420059630745335
1.740758557068674
1.7418130447990017
1.7443648200286062
1.7411251507307355
1.7426328596315885
1.7393448917489303
1.7416356990211888
1.743379743475663
1.7434025814658718
1.743386475663436
1.7423518519652517
1.7431918947320235
1.7453956478520443
1.741612202242801
1.7424626538628025
1.742404347971866
1.7400396685851247
1.738638294370551
1.7407768588317067
1.740912914276123
1.7420052603671425
